updateTodos, 10, 1606960712183, 1606960715117, 1606960712, 1606960715, 1606960714700, 1606960714707, 1606960714, 1606960714
updateTodos, 30, 1606960715118, 1606960716864, 1606960715, 1606960716, 1606960716451, 1606960716458, 1606960716, 1606960716
updateTodos, 90, 1606960716865, 1606960718972, 1606960716, 1606960718, 1606960718557, 1606960718564, 1606960718, 1606960718
updateTodos, 270, 1606960718972, 1606960722215, 1606960718, 1606960722, 1606960721804, 1606960721808, 1606960721, 1606960721
updateTodos, 810, 1606960722215, 1606960728403, 1606960722, 1606960728, 1606960727990, 1606960727995, 1606960727, 1606960727
updateTodos, 2430, 1606960728403, 1606960741491, 1606960728, 1606960741, 1606960741080, 1606960741086, 1606960741, 1606960741
updateTodos, 7290, 1606960741492, 1606960771539, 1606960741, 1606960771, 1606960771121, 1606960771129, 1606960771, 1606960771
updateTodos, 21870, 1606960771539, 1606960855908, 1606960771, 1606960855, 1606960855490, 1606960855501, 1606960855, 1606960855
updateTodos, 65610, 1606960855908, 1606961085808, 1606960855, 1606961085, 1606961085398, 1606961085408, 1606961085, 1606961085
updateTodos, 196830, 1606961085809, 1606961774506, 1606961085, 1606961774, 1606961774054, 1606961774098, 1606961774, 1606961774
