deleteTodos, 10, 1606961774508, 1606961776363, 1606961774, 1606961776, 1606961775933, 1606961775953, 1606961775, 1606961775
deleteTodos, 30, 1606961776364, 1606961778128, 1606961776, 1606961778, 1606961777713, 1606961777719, 1606961777, 1606961777
deleteTodos, 90, 1606961778128, 1606961780285, 1606961778, 1606961780, 1606961779872, 1606961779877, 1606961779, 1606961779
deleteTodos, 270, 1606961780285, 1606961783550, 1606961780, 1606961783, 1606961783136, 1606961783142, 1606961783, 1606961783
deleteTodos, 810, 1606961783550, 1606961789674, 1606961783, 1606961789, 1606961789261, 1606961789266, 1606961789, 1606961789
deleteTodos, 2430, 1606961789674, 1606961802576, 1606961789, 1606961802, 1606961802163, 1606961802168, 1606961802, 1606961802
deleteTodos, 7290, 1606961802576, 1606961833172, 1606961802, 1606961833, 1606961832756, 1606961832764, 1606961832, 1606961832
deleteTodos, 21870, 1606961833173, 1606961919050, 1606961833, 1606961919, 1606961918631, 1606961918647, 1606961918, 1606961918
deleteTodos, 65610, 1606961919050, 1606962171993, 1606961919, 1606962171, 1606962171541, 1606962171584, 1606962171, 1606962171
deleteTodos, 196830, 1606962171994, 1606962900314, 1606962171, 1606962900, 1606962899759, 1606962899907, 1606962899, 1606962899
