addTodos, 10, 1606959619095, 1606959622807, 1606959619, 1606959622, 1606959622397, 1606959622407, 1606959622, 1606959622
addTodos, 30, 1606959622834, 1606959624715, 1606959622, 1606959624, 1606959624302, 1606959624311, 1606959624, 1606959624
addTodos, 90, 1606959624715, 1606959627006, 1606959624, 1606959627, 1606959626597, 1606959626604, 1606959626, 1606959626
addTodos, 270, 1606959627006, 1606959630479, 1606959627, 1606959630, 1606959630067, 1606959630074, 1606959630, 1606959630
addTodos, 810, 1606959630479, 1606959636913, 1606959630, 1606959636, 1606959636507, 1606959636510, 1606959636, 1606959636
addTodos, 2430, 1606959636914, 1606959649322, 1606959636, 1606959649, 1606959648916, 1606959648917, 1606959648, 1606959648
addTodos, 7290, 1606959649322, 1606959680357, 1606959649, 1606959680, 1606959679951, 1606959679953, 1606959679, 1606959679
addTodos, 21870, 1606959680357, 1606959761098, 1606959680, 1606959761, 1606959760692, 1606959760693, 1606959760, 1606959760
addTodos, 65610, 1606959761098, 1606960014161, 1606959761, 1606960014, 1606960013754, 1606960013756, 1606960013, 1606960013
addTodos, 196830, 1606960014161, 1606960712176, 1606960014, 1606960712, 1606960711766, 1606960711768, 1606960711, 1606960711
